1
2
4
6
7
9
10
12
13
15
16
18
19
21
22
24
25
27
28
30
31
33
34
36
37
38
40
41
43
44
46
47
49
50
52
54
55
57
59
60
62
64
65
67
68
70
71
73
74
76
77
79
80
82
83
85
86
88
89
91
92
94
95
97
98
100
101
103
104
106
107
109
111
112
114
115
117
118
120
121
123
125
126
128
129
131
132
134
135
137
138
140
141
143
144
146
147
149
150
152
153
155
156
158
159
161
162
164
165
167
168
170
171
173
174
176
177
179
181
182
184
186
187
188
190
191
193
194
196
198
199
201
202
204
205
207
208
210
211
212
214
215
217
218
219
221
222
224
225
227
228
230
231
233
234
236
237
239
240
242
243
245
246
248
249
251
253
254
256
257
259
261
262
263
265
266
268
270
272
273
275
276
278
279
281
282
284
285
286
288
289
291
293
294
296
298
299
301
303
304
306
308
309
311
312
314
315
316
318
319
321
322
324
325
327
328
330
331
333
334
336
338
339
341
342
344
345
347
348
350
351
353
354
356
357
359
360
362
364
365
367
368
370
371
373
374
376
377
379
381
382
384
386
387
389
390
392
393
395
396
397
399
400
402
404
405
407
409
411
412
414
415
417
418
420
421
423
424
426
427
429
430
432
433
435
436
438
439
441
442
444
445
447
448
450
451
453
454
456
457
459
461
463
464
465
467
468
470
471
473
474
476
477
479
480
482
483
485
486
488
489
491
492
494
496
497
499
500
502
503
505
506
508
510
511
513
515
517
518
520
521
523
524
526
528
530
531
533
534
536
537
539
541
543
544
546
547
549
550
552
553
555
556
558
559
561
562
564
565
567
568
570
571
573
574
576
577
579
580
582
583
585
586
588
589
591
593
595
596
598
599
601
603
604
606
607
609
610
611
613
614
616
617
619
620
622
624
626
628
629
631
633
634
636
637
639
640
642
643
645
646
648
649
651
653
654
656
657
659
661
662
664
665
667
668
670
671
673
675
676
678
679
681
682
684
685
687
688
690
691
693
694
696
697
699
700
702
703
705
707
708
709
711
712
714
715
717
718
720
721
723
725
727
728
730
731
733
735
736
738
739
741
742
744
745
747
748
750
751
752
754
755
756
758
760
761
763
764
766
767
769
771
772
774
775
777
778
780
781
783
784
786
787
789
791
792
794
796
797
799
800
802
803
805
806
808
809
811
812
814
815
817
818
820
822
823
825
827
828
830
831
833
834
836
838
839
841
842
844
845
847
848
850
851
853
854
856
857
859
860
862
864
866
867
869
870
872
873
875
876
877
879
880
882
883
885
886
888
889
891
892
894
895
898
900
901
903
904
906
907
909
910
912
913
915
916
918
919
921
922
924
925
927
928
930
931
933
935
936
937
939
940
942
944
946
947
949
951
952
954
955
957
958
960
961
963
964
966
967
969
970
972
974
975
977
978
980
981
983
984
986
988
989
991
992
994
996
997
999
1000
1002
1003
1005
1006
1008
1009
1011
1012
1014
1015
1017
1018
1020
1021
1023
1024
1026
1028
1029
1031
1032
1034
1035
1037
1038
1040
1041
1043
1044
1046
1047
1049
1050
1052
1053
1055
1056
1058
1060
1061
1063
1064
1066
1067
1069
1070
1072
1073
1075
1076
1078
1079
1082
1083
1085
1086
1088
1089
1091
1092
1094
1095
1097
1099
1100
1102
1103
1105
1106
1108
1110
1111
1113
1114
1116
1118
1119
1121
1122
1124
1125
1127
1128
1130
1131
1133
1134
1136
1137
1139
1140
1142
1143
1145
1146
1148
1149
1151
1153
1154
1156
1158
1159
1161
1162
1163
1165
1166
1168
1169
1171
1172
1174
1176
1178
1179
1180
1182
1183
1185
1186
1188
1189
1191
1192
1194
1195
1197
1199
1200
1202
1203
1205
1206
1208
1210
1211
1213
1215
1217
1218
1220
1222
1223
1225
1226
1228
1229
1231
1232
1234
1235
1237
1238
1240
1241
1243
1244
1246
1247
1249
1250
1252
1253
1255
1256
1257
1259
1260
1262
1264
1265
1267
1269
1271
1272
1274
1275
1278
1279
1281
1282
1284
1286
1288
1289
1291
1292
1294
1295
1297
1298
1300
1301
1303
1304
1306
1308
1310
1311
1314
1315
1317
1318
1320
1321
1323
1324
1326
1327
1329
1330
1332
1333
1335
1337
1338
1340
1341
1343
1344
1346
1348
1349
1351
1352
1354
1355
1357
1359
1360
1362
1363
1365
1366
1368
1369
1371
1372
1374
1376
1377
1379
1380
1382
1383
1385
1386
1388
1390
1392
1393
1395
1396
1398
1400
1401
1403
1404
1406
1407
1409
1410
1412
1413
1415
1416
1418
1419
1421
1422
1424
1425
1426
1428
1429
1431
1432
1434
1436
1437
1439
1441
1442
1444
1445
1447
1448
1450
1452
1453
1454
1456
1457
1459
1461
1462
1464
1465
1467
1468
1470
1472
1474
1475
1477
1478
1480
1481
1483
1484
1486
1488
1489
1491
1492
1494
1495
1497
1498
1500
1501
1503
1504
1506
1507
1509
1510
1512
1513
1515
1516
1518
1519
1521
1522
1524
1525
1527
1528
1531
1532
1534
1535
1537
1538
1540
1542
1544
1545
1547
1548
1550
1551
1553
1554
1556
1557
1559
1560
1562
1563
1565
1566
1568
1570
1572
1573
1575
1577
1578
1580
1581
1583
1584
1586
1587
1589
1591
1592
1594
1595
1597
1598
1600
1601
1603
1604
1606
1607
1609
1610
1612
1613
1615
1617
1618
1619
1621
1622
1623
1625
1627
1628
1630
1631
1633
1634
1636
1638
1639
1641
1643
1644
1646
1647
1649
1650
1652
1654
1656
1657
1659
1660
1662
1664
1665
1667
1668
1670
1671
1673
1674
1676
1677
1679
1681
1682
1683
1685
1686
1688
1689
1691
1692
1693
1694
1696
1698
1700
1701
1703
1704
1706
1708
1709
1711
1712
1714
1715
1717
1718
1720
1721
1723
1724
1726
1727
1729
1730
1731
1733
1734
1736
1738
1739
1741
1742
1744
1745
1747
1749
1750
1752
1753
1755
1757
1758
1760
1761
1763
1764
1766
1767
1769
1770
1773
1774
1776
1777
1779
1781
1782
1784
1785
1787
1788
1790
1791
1793
1794
1796
1797
1799
1800
1802
1803
1805
1806
1808
1810
1811
1813
1815
1816
1818
1820
1822
1824
1825
1827
1828
1830
1831
1833
1835
1837
1838
1840
1841
1843
1844
1846
1848
1849
1851
1852
1854
1856
1858
1859
1861
1862
1864
1865
1867
1869
1871
1873
1874
1876
1877
1879
1881
1882
1884
1885
1887
1888
1890
1892
1893
1895
1897
1898
1900
1901
1903
1904
1906
1907
1909
1910
1912
1913
1914
1916
1917
1919
1920
1922
1923
1926
1927
1929
1930
1932
1933
1935
1936
1938
1939
1941
1943
1944
1946
1947
1949
1950
1952
1953
1955
1956
1958
1959
1961
1962
1964
1965
1967
1968
1970
1971
1973
1974
1976
1977
1979
1981
1983
1984
1986
1987
1989
1990
1992
1993
1994
1997
1998
2000
2001
2003
2011
2012
2013
2014
2016
2021
2022
2023
2024
2026
2031
2032
2033
2034
2035
2036
2037
2038
2041
2042
2043
2044
2045
2046
2051
2052
2053
2054
2055
2056
2058
2059
2061
2062
2064
2065
2066
