1 4.559399 9.735640
2 12.098564 10.421018
3 18.266971 10.421018
4 26.628590 10.421018
5 35.401436 10.283943
6 46.230418 10.146867
7 55.277415 10.969321
8 65.695170 10.421018
9 72.548956 10.832245
10 72.548956 17.411880
11 81.870104 17.823107
12 90.368799 17.960183
13 98.867493 18.097258
14 50.205614 46.883159
15 50.479765 38.932768
16 59.800914 39.069843
17 70.492820 39.755222
18 83.377937 39.481070
19 84.063316 29.748695
20 72.823107 29.611619
21 61.308747 29.748695
22 50.890992 29.611619
23 39.102480 29.885770
24 39.924935 38.658616
25 40.062010 46.197781
26 40.747389 58.671671
27 49.520235 59.631201
28 49.657311 68.952350
29 50.068538 78.136423
30 49.383159 87.046345
31 49.657311 95.270888
32 40.199086 98.423629
33 40.336162 91.843995
34 40.062010 84.716057
35 39.924935 77.039817
36 39.650783 71.008486
37 39.924935 65.114230
38 69.396214 87.594648
39 77.620757 87.457572
40 83.789164 87.731723
41 90.231723 87.868799
42 90.231723 80.055483
43 90.505875 72.242167
44 90.094648 64.565927
45 89.135117 59.219974
46 79.951044 59.219974
47 70.492820 59.357050
48 69.259138 68.404047
49 68.984987 77.588120
50 30.603786 99.383159
51 20.460183 99.520235
52 10.453655 99.383159
53 1.132507 99.109008
54 1.406658 90.610313
55 1.543734 80.055483
56 0.721279 69.500653
57 1.269582 59.357050
58 0.995431 46.334856
59 0.995431 36.465405
60 0.995431 26.595953
61 1.406658 19.879243
62 59.800914 99.246084
63 68.847911 99.657311
64 79.128590 99.109008
65 90.368799 99.109008
66 99.141645 98.971932
67 98.730418 88.691253
68 100.238251 79.507180
69 99.552872 79.370104
70 98.456266 70.186031
71 98.593342 59.494125
72 98.456266 50.721279
73 98.319191 41.263055
74 99.415796 30.434073
